APP_VERSION <- "1.3.0"


# PCR Kits and their Markers
amplification_choices <- c("ESIf", "NGMdetect", "ESXf", "Fusion6C", "ArgusX12QS", "Y23", "Yfiler+", "NGMselect")

# Define expected markers for each kit
kit_expected_markers <- list(
  "ESIf" = c("AMEL", "D3S1358", "D19S433", "D2S1338", "D22S1045", "D16S539", "D18S51", "D1S1656", "D10S1248", "D2S441", "TH01", "vWA", 
             "D21S11", "D12S391", "D8S1179", "FGA", "SE33"), #17
  
  "NGMdetect" = c("D2S1338", "SE33", "D16S539", "D18S51", "TH01", "D12S391", "D3S1358", "FGA", "AMEL", "vWA", "D21S11", "D1S1656","D2S441",
                  "D8S1179", "D19S433", "D22S1045", "D10S1248"), #17 + 3 quality marker, that are not included here
  
  "ESXf" = c("AMEL", "D3S1358", "TH01", "D21S11", "D18S51",  "D10S1248", "D1S1656", "D2S1338", "D16S539", "D22S1045", "vWA", "D8S1179", "FGA",
             "D2S441", "D12S391", "D19S433", "SE33"), #17
  
  "Fusion6C" = c("AMEL", "D3S1358", "D1S1656", "D2S441", "D10S1248", "D13S317", "PentaE", "D16S539", "D18S51", "D2S1338", "CSF1PO", "PentaD",
                 "TH01", "vWA", "D21S11", "D7S820", "D5S818", "TPOX", "D8S1179", "D12S391", "D19S433", "SE33", "D22S1045", "DYS391", "FGA",
                 "DYS576", "DYS570"), #27
  
  "ArgusX12QS" = c("QS1", "AMEL", "DXS10103", "DXS8378", "DXS10101", "DXS10134", "DXS10074", "DXS7132", "DXS10135", "DXS7423", "DXS10146",
                   "DXS10079", "HPRTB", "DXS10148", "D21S11"), #15
  
  "Y23" = c("DYS576", "DYS389I", "DYS448", "DYS389II", "DYS19", "DYS391", "DYS481", "DYS549", "DYS533", "DYS438", "DYS437", "DYS570", "DYS635",
            "DYS390", "DYS439", "DYS392", "DYS643", "DYS393", "DYS458", "DYS385", "DYS456", "YGATAH4"), #22
  
  "Yfiler+" = c("DYS576", "DYS389I", "DYS635", "DYS389II", "DYS627", "DYS460", "DYS458", "DYS19", "YGATAH4", "DYS448", "DYS391", "DYS456",
                "DYS390", "DYS438", "DYS392", "DYS518", "DYS570", "DYS437", "DYS385", "DYS449", "DYS393", "DYS439", "DYS481", "DYF387S1",
                "DYS533"), #25
  
  "NGMselect" = c("D10S1248", "vWA", "D16S539", "D2S1338", "D8S1179", "D21S11", "D18S51", "D22S1045", "D19S433", "TH01", 
                  "FGA", "D2S441", "D3S1358", "D1S1656", "D12S391", "SE33", "AMEL", "TPOX", "CSF1PO", "D13S317", "D7S820", "D5S818", 
                  "PentaD", "PentaE") #24
)

# Repeat unit sizes for each marker
marker_repeat_units <- list(
  "AMEL" = NA,
  "D10S1248" = 4,
  "D12S391" = 4,
  "D16S539" = 4,
  "D18S51" = 4,
  "D19S433" = 4,
  "D1S1656" = 4,
  "D21S11" = 5,
  "D22S1045" = 3,
  "D2S1338" = 4,
  "D2S441" = 4,
  "D3S1358" = 4,
  "D8S1179" = 4,
  "FGA" = 4,
  "SE33" = 4,
  "TH01" = 4,
  "vWA" = 4
)

# All possible alleles per marker (from uploaded file)
all_alleles_per_marker <- list(
  AMEL = c("X", "Y"),
  D10S1248 = c("8", "9", "10", "11", "12", "13", "14", "15", "16", "17", "18", "19"),
  D12S391 = c("14", "15", "16", "17", "17.3", "18", "18.3", "19", "19.3", "20", "21", "22", "23", "24", "25", "26", "27"),
  D16S539 = c("4", "5", "6", "7", "8", "9", "10", "11", "12", "13", "14", "15", "16"),
  D18S51 = c("7", "8", "9", "10", "10.2", "11", "12", "13", "13.2", "14", "14.2", "15", "16", "17", "18", "19", "20", "21", "22", "23", "24", "25", "26", "27"),
  D19S433 = c("5.2", "6", "6.2", "7", "8", "9", "10", "11", "12", "12.2", "13", "13.2", "14", "14.2", "15", "15.2", "16", "16.2", "17", "17.2", "18", "18.2", "19.2"),
  D1S1656 = c("9", "10", "11", "12", "13", "14", "14.3", "15", "15.3", "16", "16.3", "17", "17.3", "18", "18.3", "19", "19.3", "20.3"),
  D21S11 = c("24", "24.2", "25", "25.2", "26", "27", "28", "28.2", "29", "29.2", "30", "30.2", "31", "31.2", "32", "32.2", "33", "33.2", "34", "34.2", "35", "35.2", "36", "37", "38"),
  D22S1045 = c("7", "8", "9", "10", "11", "12", "13", "14", "15", "16", "17", "18", "19", "20"),
  D2S1338 = c("10", "11", "12", "13", "14", "15", "16", "17", "18", "19", "20", "21", "22", "23", "24", "25", "26", "27", "28"),
  D2S441 = c("8", "9", "10", "11", "11.3", "12", "13", "14", "15", "16", "17"),
  D3S1358 = c("9", "10", "11", "12", "13", "14", "15", "16", "17", "18", "19", "20"),
  D8S1179 = c("5", "6", "7", "8", "9", "10", "11", "12", "13", "14", "15", "16", "17", "18", "19"),
  FGA = c("13", "14", "15", "16", "17", "18", "18.2", "19", "19.2", "20", "20.2", "21", "21.2", "22", "22.2", "23", "23.2", "24", "24.2", "25", "25.2", "26", "27", "28", "29", "30", "30.2", "31.2", "32.2", "33.2", "42.2", "43.2", "44.2", "45.2", "46.2", "47.2", "48.2", "50.2", "51.2"),
  SE33 = c("4.2", "6.3", "8", "9", "10", "11", "12", "13", "14", "15", "16", "17", "18", "19", "20", "20.2", "21", "21.2", "22", "22.2", "23.2", "24.2", "25.2", "26.2", "27.2", "28.2", "29.2", "30.2", "31.2", "32.2", "33.2", "34.2", "35", "35.2", "36", "37", "38", "39", "42"),
  TH01 = c("3", "4", "5", "6", "7", "8", "9", "9.3", "10", "11", "12", "13", "13.3"),
  vWA = c("10", "11", "12", "13", "14", "15", "16", "17", "18", "19", "20", "21", "22", "23", "24")
)


# Validation of PCN Number
validate_pcn <- function(pcn_input) {
  if (!grepl("^[0-9]+ [0-9]+$", pcn_input)) {
    return("invalid input!")
  }
  
  parts <- strsplit(pcn_input, " ")[[1]]
  if (length(parts) != 2 || nchar(parts[1]) != 8) {
    return("invalid input! Only numbers in this format are allowed: xxxxxxxx xx")
  }
  
  ctrl <- c(9:2)
  ctrl_sum <- sum(as.integer(strsplit(parts[1], "")[[1]]) * ctrl)
  ctrl_nr <- 97 - (ctrl_sum %% 97)
  
  if (as.integer(parts[2]) != ctrl_nr) {
    return("invalid input! The checksum does not match.")
  }
  
  return("valid PCN")
}

# Validation of Person Number (IRM, Ass., or PCN)
validate_person_number <- function(number_input, number_type) {
  # If PCN type, use existing PCN validation
  if (number_type == "PCN-No.") {
    return(validate_pcn(number_input))
  }
  
  # For IRM-Nr. and Ass.-Nr., no validation
  return(NULL)
}

# Standardize marker names across different kits
standardize_marker_name <- function(marker) {
  marker <- trimws(marker)  # Remove whitespace
  
  # Convert to uppercase for comparison
  marker_upper <- toupper(marker)
  
  if (marker_upper == "AMELOGENIN") return("AMEL")
  if (marker_upper == "DYS389 I") return("DYS389I")
  if (marker_upper == "DYS389 II") return("DYS389II")
  if (marker_upper == "Penta D") return("PentaD")
  if (marker_upper == "Penta E") return("PentaE")
  if (marker_upper == "VWA") return("vWA")
  # if (marker_upper == "ANOTHER_VARIANT") return("STANDARD_NAME")
  
  return(marker)  # Return original if no match
}

# Standardize Kit Names to handle typos and variations
